1667750448886928384
1667750448950146816
1667750449013161472
1667750449075970560
1667750449138575872
1667750449200975616
1667750449263171328
1667750449326484224
1667750449393294080
1667750449460095488
1667750449526890240
1667750449593675776
1667750449660455168
1667750449727225344
1667750449793989120
1667750449860743936
1667750449927492096
1667750449994231808
1667750450060964352
1667750450127688192
1667750450194405632
1667750450261114368
1667750450327929344
1667750450394853888
1667750450461778176
1667750450528699392
1667750450595620352
1667750450662538752
1667750450729456896
1667750450796371968
1667750450863286784
1667750450930199040
1667750450997110784
1667750451064019968
1667750451130928640
1667750451197834752
1667750451264740352
1667750451331729152
1667750451398832640
1667750451465940992
1667750451533056256
1667750451600176128
1667750451667302656
1667750451734434304
1667750451801572864
1667750451868715776
1667750451935865600
1667750452003020544
1667750452070181888
1667750452137348352
1667750452204521472
1667750452271699456
1667750452338829056
1667750452405916672
1667750452473009152
1667750452540103424
1667750452607202560
1667750452674304256
1667750452741410048
1667750452808518656
1667750452875631360
1667750452942746624
1667750453009866496
1667750453076988416
1667750453144115200
1667750453211244032
1667750453278377728
1667750453345453568
1667750453412497920
1667750453479541760
1667750453546586880
1667750453613631232
1667750453680677120
1667750453747722752
1667750453814769408
1667750453881815552
1667750453948862720
1667750454015909632
1667750454082958080
1667750454150005504
1667750454217054720
1667750454284102912
1667750454351311616
1667750454418589952
1667750454485879040
1667750454553177344
1667750454620486656
1667750454687804672
1667750454755133696
1667750454822471680
1667750454889820672
1667750454957178368
1667750455024547072
1667750455091924736
1667750455159313408
1667750455226711296
1667750455294186240
1667750455361246976
1667750455428308224
1667750455495368704
1667750455562429952
1667750455629489664
1667750455696550656
1667750455763609856
1667750455830670080
1667750455897729280
1667750455964789248
1667750456031847936
1667750456098907392
1667750456165965568
1667750456233024768
1667750456300082688
1667750456367253760
1667750456435262464
1667750456503286784
1667750456571324160
1667750456639377152
1667750456707443456
1667750456775524608
1667750456843619328
1667750456911729408
1667750456979852800
1667750457047991552
1667750457116143360
1667750457184310528
1667750457252491264
1667750457320687104
1667750457388568576
1667750457455482368
1667750457522391552
1667750457589298176
1667750457656199680
1667750457723098880
1667750457789993472
1667750457856884992
1667750457923772160
1667750457990656768
1667750458057536256
1667750458124413696
1667750458191286016
1667750458258155776
1667750458325020672
1667750458391912960
1667750458458852352
1667750458525789952
1667750458592723968
1667750458659655680
1667750458726584064
1667750458793509888
1667750458860432384
1667750458927352832
1667750458994269184
1667750459061183744
1667750459128094720
1667750459195003392
1667750459261908480
1667750459328811520
1667750459395792896
1667750459463329280
1667750459531102464
1667750459598885120
1667750459666674688
1667750459734474240
1667750459802280448
1667750459870096384
1667750459937919744
1667750460005752320
1667750460073592064
1667750460141441280
1667750460209297664
1667750460277163520
1667750460345036544
1667750460412919296
1667750460480039168
1667750460546894080
1667750460613743616
1667750460680590336
1667750460747431424
1667750460814269440
1667750460881102080
1667750460947931648
1667750461014755840
1667750461081576704
1667750461148392448
1667750461215204864
1667750461282011904
1667750461348815616
1667750461415614720
1667750461482844416
1667750461550078976
1667750461617320704
1667750461684567552
1667750461751821568
1667750461819080448
1667750461886346496
1667750461953617664
1667750462020895744
1667750462088178944
1667750462155469568
1667750462222764544
1667750462290067200
1667750462357374720
1667750462424676352
1667750462491953152
1667750462559670528
1667750462627393792
1667750462695125504
1667750462762863616
1667750462830609664
1667750462898362112
1667750462966122496
1667750463033889280
1667750463101664256
1667750463169445632
1667750463237235200
1667750463305030656
1667750463372834816
1667750463440645120
1667750463508193536
1667750463575054336
1667750463641912320
1667750463708765184
1667750463775614976
1667750463842459904
1667750463909301760
1667750463976138752
1667750464042972416
1667750464109801216
1667750464176627200
1667750464243448064
1667750464310265856
1667750464377078528
1667750464443888384
1667750464510722560
1667750464577582848
1667750464644438016
1667750464711290368
1667750464778137600
1667750464844982016
1667750464911821056
1667750464978657536
1667750465045488896
1667750465112316928
1667750465179140096
1667750465245960448
1667750465312775936
1667750465379588096
1667750465446395136
1667750465513273088
1667750465580137216
1667750465646998528
1667750465713854720
1667750465780708096
1667750465847556352
1667750465914401792
1667750465981242368
1667750466048079872
1667750466114912256
1667750466181741824
1667750466248566528
1667750466315388416
1667750466382205184
1667750466449018880
1667750466515864832
1667750466582732288
1667750466649594368
1667750466716454144
1667750466783308800
1667750466850160384
1667750466917007360
1667750466983851008
1667750467050690048
1667750467117526016
1667750467184357120
1667750467251185408
1667750467318008576
1667750467384828928
1667750467451644160
1667750467518494208
1667750467585360128
1667750467652223232
1667750467719080960
1667750467785936384
1667750467852786432
1667750467919633664
1667750467986476032
1667750468053315328
1667750468120150016
1667750468186981376
1667750468253808128
1667750468320632064
1667750468387450624
1667750468454266624
1667750468521122560
1667750468587990784
1667750468654853888
1667750468721714688
1667750468788570112
1667750468855422720
1667750468922270208
1667750468989114880
1667750469055954944
1667750469122791680
1667750469189623808
1667750469256452864
1667750469323277056
1667750469390098432
1667750469456907008
1667750469523777536
1667750469590643200
1667750469657506048
1667750469724364032
1667750469791218688
1667750469858068736
1667750469924915712
1667750469991758080
1667750470058597120
1667750470125431296
1667750470192262656
1667750470259089152
1667750470325912576
1667750470392730880
1667750470459543040
1667750470526412032
1667750470593278208
1667750470660139776
1667750470726998016
1667750470793851392
1667750470860701952
1667750470927547392
1667750470994390016
1667750471061227520
1667750471128062208
1667750471194892032
1667750471261718784
1667750471328540672
1667750471395359744
1667750471462174720
1667750471529040896
1667750471595901952
1667750471662759936
1667750471729613056
1667750471796463104
1667750471863308032
1667750471930149888
1667750471996986880
1667750472063820800
1667750472130649600
1667750472197475584
1667750472264296448
1667750472331114240
1667750472397926912
1667750472464786176
1667750472532079616
1667750472582555392
1667750472666689536
1667750472734005504
1667750472801328128
1667750472868658944
1667750472935995904
1667750473003341056
1667750473070692608
1667750473138052608
1667750473205418496
1667750473272792576
1667750473340173056
1667750473407561728
1667750473474872064
1667750473541815552
1667750473608755456
1667750473675693568
1667750473742628096
1667750473809561344
1667750473876490496
1667750473943418112
1667750474010342400
1667750474077264640
1667750474144183296
1667750474211100416
1667750474278013696
1667750474344925440
1667750474411833600
1667750474478758400
1667750474545697792
1667750474612635392
1667750474679569408
1667750474746501632
1667750474813430272
1667750474880356864
1667750474947280384
1667750475014201600
1667750475081119488
1667750475148035328
1667750475214947584
1667750475281858048
1667750475348765184
1667750475415670272
1667750475482811648
1667750475550185984
1667750475617568000
1667750475684959744
1667750475752359168
1667750475819768064
1667750475887184640
1667750475954610944
1667750476022044672
1667750476089488128
1667750476156939264
1667750476224399872
1667750476291868160
1667750476359346176
1667750476426831872
1667750476494047488
1667750476561064448
1667750476628081408
1667750476695095552
1667750476762109440
1667750476829121024
1667750476896132352
1667750476963141376
1667750477030150144
1667750477097156608
1667750477164162304
1667750477231165952
1667750477298169344
1667750477365170432
1667750477432171264
1667750477499180032
1667750477566196224
1667750477633210368
1667750477700224000
1667750477767235584
1667750477834246656
1667750477901255168
1667750477968263424
1667750478035269632
1667750478102275072
1667750478169278208
1667750478236281344
1667750478303281664
1667750478370281984
1667750478437280000
1667750478504149504
1667750478572376832
1667750478640625408
1667750478708892928
1667750478777181440
1667750478845488896
1667750478913817088
1667750478982164480
1667750479050532864
1667750479118920448
1667750479187328768
1667750479255756032
1667750479324204544
1667750479392672000
1667750479461160448
1667750479529694208
1667750479596711936
1667750479663727360
1667750479730742528
1667750479797755136
1667750479864767488
1667750479931777536
1667750479998787328
1667750480065794816
1667750480132802048
1667750480199806720
1667750480266811136
1667750480333813248
1667750480400814848
1667750480467814400
1667750480534816256
1667750480601830656
1667750480668844800
1667750480735856384
1667750480802867712
1667750480869876736
1667750480936885248
1667750481003891712
1667750481070897408
1667750481137900800
1667750481204903936
1667750481271904768
1667750481338905088
1667750481405903104
1667750481472900864
1667750481539899904
1667750481606915328
1667750481673928448
1667750481740941056
1667750481807951360
1667750481874961408
1667750481941968896
1667750482008976384
1667750482075981312
1667750482142985728
1667750482209988096
1667750482276989696
1667750482343989248
1667750482410988288
1667750482477985024
1667750482544987392
1667750482612003584
1667750482679019520
1667750482746033152
1667750482813046528
1667750482880057856
1667750482947068672
1667750483014076928
1667750483081084928
1667750483148090880
1667750483215096064
1667750483282099456
1667750483349102080
1667750483416102656
1667750483483102720
1667750483550108160
1667750483617124096
1667750483684137728
1667750483751151104
1667750483818162176
1667750483885172480
1667750483952180992
1667750484019188992
1667750484086194688
1667750484153199616
1667750484220202752
1667750484287205120
1667750484354205440
1667750484421205248
1667750484488202752
1667750484555210496
1667750484622227712
1667750484689244928
1667750484756259584
1667750484823274240
1667750484890286336
1667750484957298176
1667750485024307712
1667750485091316992
1667750485158323968
1667750485225330688
1667750485292334848
1667750485359338752
1667750485426340608
1667750485493341952
1667750485560350976
1667750485627368704
1667750485694383872
1667750485761398784
1667750485828411392
1667750485895423488
1667750485962433280
1667750486029442816
1667750486096450304
1667750486163457024
1667750486230461696
1667750486297466112
1667750486364467712
1667750486431469568
1667750486498468864
1667750486565480448
1667750486632496128
1667750486699511296
1667750486766524160
1667750486833536768
1667750486900546816
1667750486967556864
1667750487034564352
1667750487101571584
1667750487168576512
1667750487235580928
1667750487302583040
1667750487369584896
1667750487436584448
1667750487503583744
1667750487570594816
1667750487637610752
1667750487704624640
1667750487771638272
1667750487838649344
1667750487905660160
1667750487972668672
1667750488039676672
1667750488106682624
1667750488173688064
1667750488240691200
1667750488307693824
1667750488374694144
1667750488441694208
1667750488508691968
1667750488575707648
1667750488642721536
1667750488709734656
1667750488776745472
1667750488843755776
1667750488910763776
1667750488977771520
1667750489044776960
1667750489111781632
1667750489178784256
1667750489245786368
1667750489312786432
1667750489379785728
1667750489446782720
1667750489513785856
1667750489580942336
1667750489648733696
1667750489716532480
1667750489784340736
1667750489852156672
1667750489919982080
1667750489987815168
1667750490055657728
1667750490123507968
1667750490191367680
1667750490259235072
1667750490327111936
1667750490394996224
1667750490462890240
1667750490530791680
1667750490598490624
1667750490665430528
1667750490732368640
1667750490799302912
1667750490866235904
1667750490933165056
1667750491000092160
1667750491067016192
1667750491133938176
1667750491200856576
1667750491267773440
1667750491334686464
1667750491401598208
1667750491468505856
1667750491535411968
1667750491602327552
1667750491669268992
1667750491736206848
1667750491803142912
1667750491870075136
1667750491937005824
1667750492003933184
1667750492070858496
1667750492137780224
1667750492204700416
1667750492271617024
1667750492338531840
1667750492405443072
1667750492472352512
1667750492539258624
1667750492606179584
1667750492673121024
1667750492740060928
1667750492806997504
1667750492873932032
1667750492940863232
1667750493007792384
1667750493074718208
1667750493141642496
1667750493208562944
1667750493275481856
1667750493342396928
1667750493409310720
1667750493476220672
1667750493543128832
1667750493610053888
1667750493676994816
1667750493743931904
1667750493810867456
1667750493877799424
1667750493944729600
1667750494011656192
1667750494078580992
1667750494145502208
1667750494212421888
1667750494279337728
1667750494346252032
1667750494413162240
1667750494480071168
1667750494546976512
1667750494614157568
1667750494681540864
1667750494748933632
1667750494816334336
1667750494883744768
1667750494951163136
1667750495018590976
1667750495086026752
1667750495153472512
1667750495220925440
1667750495288388608
1667750495355859456
1667750495423340032
1667750495490828288
1667750495558326528
1667750495625494784
1667750495692511232
1667750495759525120
1667750495826538752
1667750495893550336
1667750495960561152
1667750496027570176
1667750496094578432
1667750496161584384
1667750496228590336
1667750496295593728
1667750496362596608
1667750496429597696
1667750496496598272
1667750496563596288
1667750496630610944
1667750496697626880
1667750496764642816
1667750496831656192
1667750496898669312
1667750496965680128
1667750497032690688
1667750497099698688
1667750497166706432
1667750497233712128
1667750497300717312
1667750497367720192
1667750497434722560
1667750497501722880
1667750497568720640
1667750497635737600
1667750497702754304
1667750497769768704
1667750497836782592
1667750497903794432
1667750497970805760
1667750498037814784
1667750498104823552
1667750498171829504
1667750498238835712
1667750498305839360
1667750498372842752
1667750498439843840
1667750498506844160
1667750498573841920
1667750498640860672
1667750498707877120
1667750498774893312
1667750498841906944
1667750498908920576
1667750498975931904
1667750499042942720
1667750499109951232
1667750499176959488
1667750499243965696
1667750499310971136
1667750499377974272
1667750499444977664
1667750499511977984
1667750499578983168
1667750499645999360
1667750499713015040
1667750499780028672
1667750499847041792
1667750499914052608
1667750499981063168
1667750500048071168
1667750500115079168
1667750500182084352
1667750500249089536
1667750500316092416
1667750500383095040
1667750500450094848
1667750500517094656
1667750500584103424
1667750500651122176
1667750500718138112
1667750500785154048
1667750500852167680
1667750500919180800
1667750500986191616
1667750501053202432
1667750501120210432
1667750501187218432
1667750501254224128
1667750501321229568
1667750501388232448
1667750501455235072
1667750501522235392
1667750501589255680
1667750501656644352
1667750501724438784
1667750501792240640
1667750501860052224
1667750501927871232
1667750501995699968
1667750502063536128
1667750502131382016
1667750502199235328
1667750502267098368
1667750502334968832
1667750502402848768
1667750502470736640
1667750502538633728
1667750502606538496
1667750502673911552
1667750502740851968
1667750502807790848
1667750502874725888
1667750502941659392
1667750503008589056
1667750503075517440
1667750503142441728
1667750503209364480
1667750503276283648
1667750503343201280
1667750503410115328
1667750503477027328
1667750503543936000
1667750503610842880
1667750503677771776
1667750503744712448
1667750503811649536
1667750503878585088
1667750503945517056
1667750504012447232
1667750504079374080
1667750504146298880
1667750504213220096
1667750504280139776
1667750504347055616
1667750504413969920
1667750504480880640
1667750504547789824
1667750504614695168
1667750504681627904
1667750504748566528
1667750504815503616
1667750504882437120
1667750504949368832
1667750505016296960
1667750505083223040
1667750505150146048
1667750505217067008
1667750505283984384
1667750505350899968
1667750505417811968
1667750505484722432
1667750505551629056
1667750505618452992
1667750505685821696
1667750505753200128
1667750505820586240
1667750505887981824
1667750505955385344
1667750506022798080
1667750506090218752
1667750506157648640
1667750506225086464
1667750506292534016
1667750506359988736
1667750506427453440
1667750506494925568
1667750506562407424
1667750506629933568
1667750506696952064
1667750506763968512
1667750506830984448
1667750506897998336
1667750506965011456
1667750507032022784
1667750507099033344
1667750507166041856
1667750507233049856
1667750507300055552
1667750507367061248
1667750507434064128
1667750507501067264
1667750507568067584
1667750507635069184
1667750507702086144
1667750507769103104
1667750507836117504
1667750507903131648
1667750507970143488
1667750508037155072
1667750508104164096
1667750508171173120
1667750508238179328
1667750508305185792
1667750508372189696
1667750508439193088
1667750508506194432
1667750508573195264
1667750508640203776
1667750508707538944
1667750508775327488
1667750508843125504
1667750508910931200
1667750508978746368
1667750509046568960
1667750509114401024
1667750509182240768
1667750509250089728
1667750509317946624
1667750509385812736
1667750509453686528
1667750509521569536
1667750509589460480
1667750509657360640
1667750509724829952
1667750509791770624
1667750509858707456
1667750509925642752
1667750509992574464
1667750510059504640
1667750510126430976
1667750510193355520
1667750510260276736
1667750510327195904
1667750510394111488
1667750510461025536
1667750510527936000
1667750510594844672
1667750510661749760
1667750510728677888
1667750510795619840
1667750510862560256
1667750510929497088
1667750510996432128
1667750511063363840
1667750511130293760
1667750511197220096
1667750511264144896
1667750511331065856
1667750511397985536
1667750511464901632
1667750511531816192
1667750511598726912
1667750511665636352
1667750511732566016
1667750511799507200
1667750511866444544
1667750511933380352
1667750512000312576
1667750512067243264
1667750512134170112
1667750512201095424
1667750512268017152
1667750512334937088
1667750512401853184
1667750512468768000
1667750512535679232
1667750512602588416
1667750512669494016
1667750512736430336
1667750512803373056
1667750512870314240
1667750512937251584
1667750513004187392
1667750513071119616
1667750513138050304
1667750513204977408
1667750513271902464
1667750513338824448
1667750513405744640
1667750513472661504
1667750513539576320
1667750513606487808
1667750513673394944
1667750513740337408
1667750513807278336
1667750513874215680
1667750513941151232
1667750514008082944
1667750514075013376
1667750514141940224
1667750514208865280
1667750514275786496
1667750514342706176
1667750514409622272
1667750514476536832
1667750514543447808
1667750514610356992
1667750514677257728
1667750514744202496
1667750514811143424
1667750514878082560
1667750514945018368
1667750515011952384
1667750515078882816
1667750515145811712
1667750515212736768
1667750515279660288
1667750515346580224
1667750515413498880
1667750515480413696
1667750515547326720
1667750515614236160
1667750515681143808
1667750515748336384
1667750515816053248
1667750515883776256
1667750515951507456
1667750516019244800
1667750516086990848
1667750516154742528
1667750516222502656
1667750516290268928
1667750516358043392
1667750516425824512
1667750516493613312
1667750516561408768
1667750516629212160
1667750516697021696
1667750516764520960
1667750516831386368
1667750516898248704
1667750516965106176
1667750517031960576
