1667750680044158464
1667750680107703296
1667750680171066880
1667750680234251264
1667750680297254144
1667750680360078080
1667750680423041024
1667750680490166272
1667750680557301504
1667750680624448768
1667750680691605760
1667750680758774784
1667750680825953536
1667750680893144320
1667750680960345088
1667750681027557632
1667750681094780160
1667750681162014720
1667750681229259008
1667750681296515328
1667750681363781632
1667750681431101952
1667750681498648832
1667750681566225152
1667750681633828608
1667750681701461504
1667750681769121536
1667750681836811264
1667750681904528128
1667750681972274432
1667750682040048128
1667750682107851008
1667750682175681280
1667750682243540992
1667750682311428096
1667750682379344384
1667750682447064320
1667750682514154496
1667750682581244416
1667750682648335616
1667750682715426560
1667750682782518784
1667750682849610240
1667750682916703488
1667750682983796224
1667750683050890240
1667750683117983488
1667750683185078272
1667750683252172544
1667750683319268352
1667750683386363648
1667750683453488640
1667750683520643328
1667750683587802624
1667750683654964480
1667750683722130688
1667750683789299200
1667750683856472320
1667750683923648000
1667750683990827776
1667750684058010368
1667750684125197312
1667750684192386560
1667750684259580416
1667750684326776576
1667750684393977344
1667750684461114624
1667750684528207872
1667750684595299840
1667750684662393088
1667750684729485056
1667750684796578304
1667750684863670528
1667750684930764032
1667750684997856256
1667750685064949504
1667750685132041728
1667750685199135232
1667750685266227456
1667750685333320704
1667750685400413440
1667750685467506944
1667750685534599680
1667750685601693440
1667750685668786176
1667750685735879936
1667750685802972672
1667750685853292288
1667750685937159168
1667750686004253184
1667750686071345920
1667750686138439680
1667750686205532672
1667750686272626432
1667750686339719424
1667750686406813440
1667750686473904896
1667750686540996352
1667750686608087040
1667750686675178752
1667750686742269184
1667750686809360896
1667750686876451328
1667750686943543040
1667750687010633472
1667750687077725184
1667750687144815616
1667750687211907072
1667750687278997504
1667750687346088960
1667750687413179136
1667750687480272128
1667750687547364864
1667750687614458112
1667750687681550592
1667750687748644096
1667750687815736320
1667750687882829824
1667750687949922048
1667750688017015552
1667750688084108032
1667750688151201536
1667750688218294016
1667750688285387520
1667750688352479744
1667750688419573504
1667750688486665216
1667750688553757952
1667750688620849920
1667750688687942656
1667750688755034112
1667750688822126848
1667750688889218816
1667750688956311552
1667750689023403264
1667750689090496000
1667750689157587968
1667750689224680448
1667750689291772160
1667750689358864896
1667750689425956352
1667750689493051136
1667750689560144896
1667750689627239424
1667750689694333184
1667750689761427968
1667750689828521728
1667750689895616512
1667750689962710272
1667750690029805056
1667750690096898816
1667750690163993600
1667750690231087616
1667750690298182400
1667750690365276416
1667750690432371456
1667750690499636480
1667750690567544832
1667750690635463424
1667750690703393536
1667750690771333632
1667750690839285760
1667750690907247360
1667750690975220992
1667750691043204608
1667750691111200000
1667750691179205120
1667750691247222272
1667750691315248896
1667750691383287808
1667750691451336448
1667750691519043328
1667750691586033408
1667750691653022976
1667750691720009216
1667750691786994944
1667750691853977344
1667750691920958976
1667750691987937536
1667750692054915072
1667750692121889792
1667750692188863488
1667750692255834112
1667750692322804224
1667750692389771008
1667750692456736768
1667750692523719424
1667750692590725376
1667750692657728512
1667750692724730880
1667750692791730944
1667750692858730496
1667750692925727232
1667750692992723456
1667750693059717120
1667750693126710016
1667750693193700352
1667750693260690176
1667750693327677440
1667750693394663936
1667750693461647872
1667750693528650240
1667750693595666176
1667750693662681856
1667750693729695232
1667750693796708608
1667750693863719168
1667750693930729728
1667750693997737728
1667750694064745728
1667750694131750912
1667750694198756096
1667750694265758720
1667750694332761344
1667750694399761152
1667750694466761216
1667750694533724416
1667750694601514240
1667750694669311232
1667750694737117952
1667750694804932096
1667750694872756224
1667750694940587520
1667750695008428544
1667750695076276736
1667750695144134912
1667750695212000768
1667750695279876096
1667750695347758848
1667750695415651072
1667750695483550976
1667750695551529472
1667750695618468608
1667750695685405952
1667750695752339968
1667750695819271936
1667750695886200320
1667750695953126912
1667750696020050176
1667750696086971392
1667750696153889280
1667750696220805120
1667750696287717632
1667750696354628096
1667750696421535232
1667750696488440320
1667750696555342848
1667750696622284032
1667750696689221376
1667750696756157440
1667750696823089664
1667750696890020096
1667750696956946944
1667750697023872000
1667750697090793728
1667750697157713664
1667750697224629760
1667750697291544320
1667750697358455296
1667750697425364480
1667750697492270080
1667750697559180544
1667750697626122752
1667750697693063168
1667750697760000000
1667750697826935296
1667750697893867008
1667750697960796928
1667750698027723264
1667750698094648320
1667750698161569024
1667750698228488704
1667750698295404544
1667750698362318848
1667750698429229568
1667750698496138752
1667750698563051264
1667750698629993728
1667750698696932608
1667750698763869952
1667750698830803200
1667750698897735424
1667750698964663552
1667750699031590144
1667750699098513152
1667750699165434624
1667750699232352256
1667750699299268352
1667750699366180608
1667750699433091584
1667750699499998720
1667750699566921984
1667750699633858560
1667750699700793856
1667750699767725568
1667750699834655488
1667750699901581568
1667750699968506112
1667750700035427072
1667750700102345984
1667750700169261568
1667750700236175360
1667750700303085312
1667750700369993728
1667750700436898304
1667750700503801344
1667750700570761728
1667750700637706240
1667750700704647168
1667750700771586304
1667750700838522112
1667750700905456384
1667750700972386816
1667750701039315456
1667750701106240768
1667750701173164288
1667750701240084480
1667750701307002880
1667750701373917696
1667750701440830720
1667750701507740416
1667750701574729472
1667750701642253824
1667750701709968640
1667750701777689856
1667750701845419264
1667750701913154560
1667750701980898304
1667750702048647936
1667750702116405760
1667750702184169984
1667750702251941888
1667750702319720192
1667750702387506944
1667750702455299328
1667750702523100160
1667750702591073792
1667750702657943040
1667750702724807680
1667750702791669248
1667750702858525696
1667750702925379328
1667750702992228096
1667750703059073792
1667750703125914624
1667750703192752384
1667750703259585280
1667750703326415360
1667750703393240320
1667750703460062208
1667750703526879488
1667750703593690112
1667750703660565760
1667750703727438336
1667750703794306048
1667750703861171200
1667750703928031232
1667750703994888448
1667750704061741056
1667750704128590592
1667750704195435264
1667750704262277120
1667750704329114368
1667750704395948544
1667750704462777856
1667750704529604352
1667750704596430336
1667750704663300864
1667750704730166272
1667750704797028864
1667750704863886592
1667750704930740992
1667750704997590784
1667750705064437504
1667750705131279616
1667750705198118400
1667750705264952320
1667750705331783424
1667750705398609664
1667750705465432832
1667750705532250880
1667750705599069952
1667750705665937920
1667750705732803328
1667750705799663616
1667750705866521088
1667750705933373184
1667750706000222976
1667750706067067392
1667750706133908992
1667750706200745728
1667750706267579392
1667750706334407936
1667750706401233920
1667750706468054784
1667750706534872576
1667750706601764608
1667750706669062400
1667750706736366336
1667750706803678464
1667750706870996992
1667750706938323712
1667750707005657088
1667750707072998400
1667750707140345600
1667750707207701760
1667750707275063808
1667750707342434048
1667750707409810688
1667750707477195776
1667750707544587008
1667750707611870208
1667750707678812416
1667750707745753344
1667750707812690944
1667750707879626496
1667750707946558720
1667750708013488896
1667750708080415744
1667750708147341056
1667750708214262528
1667750708281182464
1667750708348098560
1667750708415013376
1667750708481924352
1667750708548833792
1667750708615753984
1667750708682696192
1667750708749635328
1667750708816572416
1667750708883506176
1667750708950437888
1667750709017366528
1667750709084292864
1667750709151216128
1667750709218137344
1667750709285055232
1667750709351971072
1667750709418883840
1667750709485794560
1667750709552701696
1667750709619623424
1667750709686564096
1667750709753502976
1667750709820438272
1667750709887371520
1667750709954301440
1667750710021229824
1667750710088154368
1667750710155077120
1667750710221996288
1667750710288913920
1667750710355827968
1667750710422739968
1667750710489648640
1667750710556555776
1667750710623703296
1667750710691076352
1667750710758457088
1667750710825847296
1667750710893245184
1667750710960652288
1667750711028067072
1667750711095491328
1667750711162923520
1667750711230364928
1667750711297814272
1667750711365272832
1667750711432739072
1667750711500214784
1667750711567697920
1667750711634836736
1667750711701856512
1667750711768876288
1667750711835893504
1667750711902910976
1667750711969925888
1667750712036940544
1667750712103952896
1667750712170964992
1667750712237975040
1667750712304984832
1667750712371992064
1667750712438999552
1667750712506004480
1667750712573009152
1667750712640027648
1667750712707043584
1667750712774057728
1667750712841071104
1667750712908081920
1667750712975092736
1667750713042100992
1667750713109109248
1667750713176114944
1667750713243120384
1667750713310123264
1667750713377125888
1667750713444126464
1667750713511126528
1667750713578124032
1667750713645140992
1667750713712155392
1667750713779169792
1667750713846181376
1667750713913192960
1667750713980201984
1667750714047210752
1667750714114216960
1667750714181222912
1667750714248226560
1667750714315229952
1667750714382231040
1667750714449231360
1667750714516229632
1667750714583236096
1667750714650253056
1667750714717270016
1667750714784284416
1667750714851298560
1667750714918310400
1667750714985321728
1667750715052330752
1667750715119339520
1667750715186346240
1667750715253352192
1667750715320355840
1667750715387359488
1667750715454360576
1667750715521361408
1667750715588359168
1667750715655376128
1667750715722390528
1667750715789404928
1667750715856417024
1667750715923428352
1667750715990437376
1667750716057446656
1667750716124452864
1667750716191459072
1667750716258462720
1667750716325466112
1667750716392466944
1667750716459467776
1667750716526466048
1667750716593465088
1667750716660482048
1667750716727498496
1667750716794512896
1667750716861526784
1667750716928538624
1667750716995549696
1667750717062558720
1667750717129567488
1667750717196573696
1667750717263579904
1667750717330583552
1667750717397586688
1667750717464587520
1667750717531588352
1667750717598589440
1667750717666098432
1667750717734323968
1667750717802570496
1667750717870835712
1667750717939121920
1667750718007426816
1667750718075752448
1667750718144097024
1667750718212462080
1667750718280846336
1667750718349251328
1667750718417675008
1667750718486119680
1667750718554582784
1667750718623067136
1667750718690825472
1667750718757840896
1667750718824854016
1667750718891866368
1667750718958876928
1667750719025886720
1667750719092894208
1667750719159901696
1667750719226906368
1667750719293911040
1667750719360913152
1667750719427915008
1667750719494914560
1667750719561913600
1667750719628910336
1667750719695922176
1667750719762940672
1667750719829958656
1667750719896974592
1667750719963990528
1667750720031003904
1667750720098017024
1667750720165028096
1667750720232038656
1667750720299047168
1667750720366055168
1667750720433061376
1667750720500066816
1667750720567070208
1667750720634073600
1667750720701085696
1667750720768102144
1667750720835116288
1667750720902129920
1667750720969141248
1667750721036152320
1667750721103161088
1667750721170169600
1667750721237175808
1667750721304181760
1667750721371185408
1667750721438188544
1667750721505189120
1667750721572189952
1667750721639187968
1667750721706205696
1667750721773221376
1667750721840236800
1667750721907249664
1667750721974262528
1667750722041272832
1667750722108282880
1667750722175290624
1667750722242297856
1667750722309303040
1667750722376307712
1667750722443310080
1667750722510312192
1667750722577312000
1667750722644309248
1667750722711327488
1667750722778345216
1667750722845360896
1667750722912376064
1667750722979388928
1667750723046401536
1667750723113411840
1667750723180421888
1667750723247429632
1667750723314437120
1667750723381442048
1667750723448446976
1667750723515449344
1667750723582451712
1667750723649451264
1667750723716469248
1667750723783484928
1667750723850500608
1667750723917513472
1667750723984526080
1667750724051536640
1667750724118546944
1667750724185554432
1667750724252561920
1667750724319567104
1667750724386572032
1667750724453574400
1667750724520576768
1667750724587576576
1667750724654576640
1667750724721593600
1667750724788610048
1667750724855624192
1667750724922638080
1667750724989649664
1667750725056660992
1667750725123670016
1667750725190678528
1667750725257684480
1667750725324690688
1667750725391694080
1667750725458697472
1667750725525698560
1667750725592698880
1667750725659702528
1667750725726721024
1667750725793736960
1667750725860752640
1667750725927766016
1667750725994779392
1667750726061789952
1667750726128800512
1667750726195808768
1667750726262816768
1667750726329821952
1667750726396827392
1667750726463830016
1667750726530832640
1667750726597832960
1667750726664849664
1667750726731867136
1667750726798884864
1667750726865899776
1667750726932914432
1667750726999927040
1667750727066938880
1667750727133948928
1667750727200958464
1667750727267965696
1667750727334972416
1667750727401977088
1667750727468981504
1667750727535983360
1667750727602985216
1667750727669993472
1667750727737010432
1667750727804025088
1667750727871039488
1667750727938051840
1667750728005063424
1667750728072072960
1667750728139081984
1667750728206088960
1667750728273095168
1667750728340099328
1667750728407103232
1667750728474104832
1667750728541105664
1667750728608104448
1667750728675125248
1667750728742142208
1667750728809158656
1667750728876173056
1667750728943186944
1667750729010198784
1667750729077209856
1667750729144218880
1667750729211227904
1667750729278234112
1667750729345240320
1667750729412243968
1667750729479247360
1667750729546248192
1667750729613249024
1667750729680257280
1667750729747275264
1667750729814290432
1667750729881305600
1667750729948318720
1667750730015331072
1667750730082341120
1667750730149351168
1667750730216358400
1667750730283365632
1667750730350370560
1667750730417374976
1667750730484377088
1667750730551379200
1667750730618378752
1667750730685389056
1667750730752404992
1667750730819420672
1667750730886434048
1667750730953446912
1667750731020457472
1667750731087468032
1667750731154475776
1667750731221483520
1667750731288488704
1667750731355493888
1667750731422496512
1667750731489498880
1667750731556498688
1667750731623498496
1667750731690511616
1667750731757530624
1667750731824547072
1667750731891563264
1667750731958576896
1667750732025590528
1667750732092601856
1667750732159612672
1667750732226621184
1667750732293629440
1667750732360635392
1667750732427641088
1667750732494644224
1667750732561647360
1667750732628648192
1667750732695664640
1667750732762680832
1667750732829697024
1667750732896710912
1667750732963724288
1667750733030735616
1667750733097746432
1667750733164754944
1667750733231763200
1667750733298768896
1667750733365774336
1667750733432777472
1667750733499780608
1667750733566780928
1667750733633781248
1667750733700887296
1667750733769111296
1667750733837353984
1667750733905617920
1667750733973900288
1667750734042203904
1667750734110526464
1667750734178869504
1667750734247231744
1667750734315614720
1667750734384016640
1667750734452439296
1667750734520880896
1667750734589343232
1667750734657824768
1667750734726061312
1667750734793077248
1667750734860092416
1667750734927105536
1667750734994118400
1667750735061128704
1667750735128138752
1667750735195146496
1667750735262153728
1667750735329158912
1667750735396163840
1667750735463166208
1667750735530168320
1667750735597167872
1667750735664167424
1667750735731169536
1667750735798184448
1667750735865197568
1667750735932209920
1667750735999220224
1667750736066230016
1667750736133237248
1667750736200244480
1667750736267248896
1667750736334253312
1667750736401255424
1667750736468257024
1667750736535256320
1667750736602255360
1667750736669251840
1667750736736257024
1667750736803271936
1667750736870286336
1667750736937298688
1667750737004310272
1667750737071319552
1667750737138328576
1667750737205335552
1667750737272341760
1667750737339345664
