1667750986205607680
1667750986268944384
1667750986332082944
1667750986395022848
1667750986457765632
1667750986520309248
1667750986582862336
1667750986649893888
1667750986716924672
1667750986783953664
1667750986850983168
1667750986918010624
1667750986985037312
1667750987052064512
1667750987119090944
1667750987186115584
1667750987253139200
1667750987320163328
1667750987387186688
1667750987454208256
1667750987521229056
1667750987588256256
1667750987655319552
1667750987722382080
1667750987789446144
1667750987856509440
1667750987923573248
1667750987990638592
1667750988057704704
1667750988124769792
1667750988191836416
1667750988258902528
1667750988325969152
1667750988393037312
1667750988460105984
1667750988527174144
1667750988594243584
1667750988661315328
1667750988728387328
1667750988795461120
1667750988862535424
1667750988929609216
1667750988996684288
1667750989063759360
1667750989130835456
1667750989197911296
1667750989264987648
1667750989332065536
1667750989399143680
1667750989466221568
1667750989533300992
1667750989600399872
1667750989667539968
1667750989734682368
1667750989801829376
1667750989868978432
1667750989936132352
1667750990003288320
1667750990070447616
1667750990137611264
1667750990204778496
1667750990271948032
1667750990339121920
1667750990406298112
1667750990473478656
1667750990540661760
1667750990607803136
1667750990674888448
1667750990741973760
1667750990809058560
1667750990876143616
1667750990943229440
1667750991010316032
1667750991077401344
1667750991144487168
1667750991211574272
1667750991278661376
1667750991345747456
1667750991412834304
1667750991479922176
1667750991547010048
1667750991614094848
1667750991681178880
1667750991748261888
1667750991815346176
1667750991882429440
1667750991949513984
1667750992016597504
1667750992083682048
1667750992150766080
1667750992217851136
1667750992284935168
1667750992352020224
1667750992419104512
1667750992486189824
1667750992553274368
1667750992620358400
1667750992687443456
1667750992754528000
1667750992821612032
1667750992888696064
1667750992955781120
1667750993022866176
1667750993089950464
1667750993157035520
1667750993224119808
1667750993291205376
1667750993358289920
1667750993425375488
1667750993492460288
1667750993559544832
1667750993626704128
1667750993693895680
1667750993761090560
1667750993828290560
1667750993895493376
1667750993962701312
1667750994029912576
1667750994097128704
1667750994164347904
1667750994231572224
1667750994298799872
1667750994366031360
1667750994433267712
1667750994500508672
1667750994567752192
1667750994634876160
1667750994701969408
1667750994769063680
1667750994836157184
1667750994903251456
1667750994970344960
1667750995037439488
1667750995104532736
1667750995171627264
1667750995238720768
1667750995305815296
1667750995372908800
1667750995440003072
1667750995507096576
1667750995574186496
1667750995641309696
1667750995708434176
1667750995775557888
1667750995842683136
1667750995909807872
1667750995976934144
1667750996044059904
1667750996111186688
1667750996178313216
1667750996245441280
1667750996312568320
1667750996379697152
1667750996446825472
1667750996513955072
1667750996581086976
1667750996648176640
1667750996715265280
1667750996782354944
1667750996849443584
1667750996916533248
1667750996983621632
1667750997050711040
1667750997117799168
1667750997184888320
1667750997251976448
1667750997319065344
1667750997386153216
1667750997453242112
1667750997520329984
1667750997587418880
1667750997654505984
1667750997721594112
1667750997788681216
1667750997855769344
1667750997922856192
1667750997989943808
1667750998057030656
1667750998124118528
1667750998191205120
1667750998258291456
1667750998325378816
1667750998392466432
1667750998459552768
1667750998526639872
1667750998593726976
1667750998660816640
1667750998727907328
1667750998794997760
1667750998862087424
1667750998929177856
1667750998996267008
1667750999063357440
1667750999130446848
1667750999197537024
1667750999264626432
1667750999331716608
1667750999398805760
1667750999465895680
1667750999532984832
1667750999600076032
1667750999667167488
1667750999734259712
1667750999801351168
1667750999868443648
1667750999935534848
1667751000002627328
1667751000069718784
1667751000136809984
1667751000203902464
1667751000270994944
1667751000338086144
1667751000405178368
1667751000472270080
1667751000539362304
1667751000606452480
1667751000673541376
1667751000740631552
1667751000807721472
1667751000874810368
1667751000941899264
1667751001008988928
1667751001076078592
1667751001143167232
1667751001210255872
1667751001277345536
1667751001344434688
1667751001411523072
1667751001478612480
1667751001545700864
1667751001612793088
1667751001680473856
1667751001748345088
1667751001816224768
1667751001884115968
1667751001952015616
1667751002019926272
1667751002087845632
1667751002155776000
1667751002223715584
1667751002291665664
1667751002359624704
1667751002427594752
1667751002495573504
1667751002563563264
1667751002631561728
1667751002698736640
1667751002765748224
1667751002832759808
1667751002899768832
1667751002966777344
1667751003033783808
1667751003100789248
1667751003167792640
1667751003234795776
1667751003301796352
1667751003368796672
1667751003435794432
1667751003502791680
1667751003569786880
1667751003636780800
1667751003703796224
1667751003770810112
1667751003837821440
1667751003904832512
1667751003971841280
1667751004038849536
1667751004105855744
1667751004172861440
1667751004239864576
1667751004306867456
1667751004373868032
1667751004440866816
1667751004507865600
1667751004574863104
1667751004641856512
1667751004708873984
1667751004775889152
1667751004842904064
1667751004909916416
1667751004976928512
1667751005043938304
1667751005110947840
1667751005177954816
1667751005244961536
1667751005311965696
1667751005378969600
1667751005445971456
1667751005512972544
1667751005579971584
1667751005646971136
1667751005713987072
1667751005781002752
1667751005848015872
1667751005915028736
1667751005982039296
1667751006049049600
1667751006116057344
1667751006183064576
1667751006250069760
1667751006317073408
1667751006384076800
1667751006451078912
1667751006518078720
1667751006585077760
1667751006652082944
1667751006719423744
1667751006787215104
1667751006855014912
1667751006922822144
1667751006990638848
1667751007058463232
1667751007126296832
1667751007194138112
1667751007261989120
1667751007329847296
1667751007397715456
1667751007465590528
1667751007533475584
1667751007601367808
1667751007669269760
1667751007736765184
1667751007803700224
1667751007870633728
1667751007937564416
1667751008004491264
1667751008071416576
1667751008138338048
1667751008205257728
1667751008272173824
1667751008339088128
1667751008405998848
1667751008472907520
1667751008539812864
1667751008606716160
1667751008673615616
1667751008740537344
1667751008807473408
1667751008874407680
1667751008941338112
1667751009008266752
1667751009075192064
1667751009142115584
1667751009209035264
1667751009275953152
1667751009342867456
1667751009409779712
1667751009476688640
1667751009543595776
1667751009610499328
1667751009677400832
1667751009744324864
1667751009811261440
1667751009878194688
1667751009945125632
1667751010012053248
1667751010078979328
1667751010145901056
1667751010212821504
1667751010279738368
1667751010346653440
1667751010413564416
1667751010480474112
1667751010547379968
1667751010614284032
1667751010681184256
1667751010748129024
1667751010815088128
1667751010882045952
1667751010949000192
1667751011015953408
1667751011082902784
1667751011149851136
1667751011216795904
1667751011283738368
1667751011350679296
1667751011417617920
1667751011484552960
1667751011551486720
1667751011618417152
1667751011685345280
1667751011752304640
1667751011819257088
1667751011886206208
1667751011953154048
1667751012020098304
1667751012087041792
1667751012153981440
1667751012220919808
1667751012287855104
1667751012354789120
1667751012421719808
1667751012488649216
1667751012555575040
1667751012622499840
1667751012689417216
1667751012756360448
1667751012823299840
1667751012890237440
1667751012957171712
1667751013024102912
1667751013091032832
1667751013157959936
1667751013224883456
1667751013291805440
1667751013358723584
1667751013425640192
1667751013492553216
1667751013559464448
1667751013626372096
1667751013693275392
1667751013760217088
1667751013827156992
1667751013894093568
1667751013961028096
1667751014027959040
1667751014094888448
1667751014161814016
1667751014228738048
1667751014295658240
1667751014362576896
1667751014429491968
1667751014496405248
1667751014563314944
1667751014630222848
1667751014697129216
1667751014764070144
1667751014831007232
1667751014897942528
1667751014964874496
1667751015031804672
1667751015098731008
1667751015165655808
1667751015232577024
1667751015299496448
1667751015366411776
1667751015433325824
1667751015500236032
1667751015567144704
1667751015634049792
1667751015700961792
1667751015767900160
1667751015834835200
1667751015901768192
1667751015968698880
1667751016035625728
1667751016102549760
1667751016169472256
1667751016236391680
1667751016303307520
1667751016370221568
1667751016437132032
1667751016504040704
1667751016570945792
1667751016637848832
1667751016704772096
1667751016771711488
1667751016838647040
1667751016905580800
1667751016972510720
1667751017039438848
1667751017106363648
1667751017173286656
1667751017240205824
1667751017307123200
1667751017374036992
1667751017440948992
1667751017507857152
1667751017574764032
1667751017641666816
1667751017708595712
1667751017776203520
1667751017844354560
1667751017912523264
1667751017980710912
1667751018048916224
1667751018117140992
1667751018185383168
1667751018253644544
1667751018321923584
1667751018390221824
1667751018458537472
1667751018526872832
1667751018595225344
1667751018663597312
1667751018731986944
1667751018799305728
1667751018866255616
1667751018933201920
1667751019000146688
1667751019067089152
1667751019134028032
1667751019200965376
1667751019267899136
1667751019334831616
1667751019401760256
1667751019468687616
1667751019535611392
1667751019602532608
1667751019669452288
1667751019736369664
1667751019803322880
1667751019870261248
1667751019937195776
1667751020004128768
1667751020071057664
1667751020137985280
1667751020204909056
1667751020271831040
1667751020338749440
1667751020405666304
1667751020472579328
1667751020539490816
1667751020606398464
1667751020673304320
1667751020740199936
1667751020807142656
1667751020874081536
1667751020941018880
1667751021007952640
1667751021074884608
1667751021141812992
1667751021208739840
1667751021275662848
1667751021342583296
1667751021409501952
1667751021476417024
1667751021543330560
1667751021610240512
1667751021677148672
1667751021744050176
1667751021810999296
1667751021877945856
1667751021944888832
1667751022011830272
1667751022078768384
1667751022145703680
1667751022212637440
1667751022279568640
1667751022346496000
1667751022413422336
1667751022480344832
1667751022547265536
1667751022614183168
1667751022681098752
1667751022748000256
1667751022815367168
1667751022882741504
1667751022950124544
1667751023017516800
1667751023084917760
1667751023152326400
1667751023219744512
1667751023287170048
1667751023354605056
1667751023422047488
1667751023489499648
1667751023556959488
1667751023624428800
1667751023691905536
1667751023759349760
1667751023826364672
1667751023893378304
1667751023960391680
1667751024027403520
1667751024094413056
1667751024161422336
1667751024228429312
1667751024295435776
1667751024362439936
1667751024429443840
1667751024496445440
1667751024563446272
1667751024630445056
1667751024697443584
1667751024764443904
1667751024831458560
1667751024898470400
1667751024965482240
1667751025032491520
1667751025099500544
1667751025166507008
1667751025233513472
1667751025300517120
1667751025367520512
1667751025434521856
1667751025501522432
1667751025568520704
1667751025635518464
1667751025702514176
1667751025769518848
1667751025836530432
1667751025903541760
1667751025970550528
1667751026037559040
1667751026104565248
1667751026171570688
1667751026238574080
1667751026305575936
1667751026372577024
1667751026439577088
1667751026506574848
1667751026573572096
1667751026640566784
1667751026707561216
1667751026774579200
1667751026841606400
1667751026908631552
1667751026975656704
1667751027042679808
1667751027109703168
1667751027176724224
1667751027243744256
1667751027310764288
1667751027377783040
1667751027444799744
1667751027511816704
1667751027578831360
1667751027645846272
1667751027712858624
1667751027779910144
1667751027847527168
1667751027915323648
1667751027983127808
1667751028050940160
1667751028118762496
1667751028186593280
1667751028254431488
1667751028322279424
1667751028390134528
1667751028457999616
1667751028525872128
1667751028593754112
1667751028661643520
1667751028729542656
1667751028797449472
1667751028864552448
1667751028931492352
1667751028998429696
1667751029065363200
1667751029132294400
1667751029199223808
1667751029266150656
1667751029333073664
1667751029399995136
1667751029466912768
1667751029533829120
1667751029600741376
1667751029667652352
1667751029734559488
1667751029801460224
1667751029868402688
1667751029935343360
1667751030002280448
1667751030069216000
1667751030136147968
1667751030203078144
1667751030270004992
1667751030336930048
1667751030403851264
1667751030470769920
1667751030537687296
1667751030604600576
1667751030671512576
1667751030738421504
1667751030805326080
1667751030872268800
1667751030939209984
1667751031006148096
1667751031073082880
1667751031140015104
1667751031206945792
1667751031273873408
1667751031340797952
1667751031407720448
1667751031474639360
1667751031541555712
1667751031608470528
1667751031675381248
1667751031742290688
1667751031809201152
1667751031876143104
1667751031943082496
1667751032010020096
1667751032076955136
1667751032143886336
1667751032210816000
1667751032277741824
1667751032344666368
1667751032411586816
1667751032478505984
1667751032545421312
1667751032612335104
1667751032679245312
1667751032746153728
1667751032813080064
1667751032880393984
1667751032948112640
1667751033015838208
1667751033083570176
1667751033151310080
1667751033219056384
1667751033286810880
1667751033354571520
1667751033422340608
1667751033490115840
1667751033557899264
1667751033625688832
1667751033693486592
1667751033761290496
1667751033829103104
1667751033896659712
1667751033963961344
1667751034031269376
1667751034098585344
1667751034165907712
1667751034233238528
1667751034300575488
1667751034367920640
1667751034435272192
1667751034502631936
1667751034569997824
1667751034637372160
1667751034704752640
1667751034772141568
1667751034839536640
1667751034906670336
1667751034973609472
1667751035040546560
1667751035107480320
1667751035174412288
1667751035241340672
1667751035308267264
1667751035375190528
1667751035442111744
1667751035509029632
1667751035575945472
1667751035642858240
1667751035709768704
1667751035776676096
1667751035843580672
1667751035910512384
1667751035977452032
1667751036044390144
1667751036111325696
1667751036178257664
1667751036245187840
1667751036312114176
1667751036379038976
1667751036445960192
1667751036512879872
1667751036579795968
1667751036646710272
1667751036713620736
1667751036780529664
1667751036847435264
1667751036914375936
1667751036981315328
1667751037048253184
1667751037115187200
1667751037182119936
1667751037249048576
1667751037315975936
1667751037382899456
1667751037449821184
1667751037516739584
1667751037583656192
1667751037650569216
1667751037717480448
1667751037784388096
1667751037851288832
1667751037918235648
1667751037985179136
1667751038052121088
1667751038119060224
1667751038185996032
1667751038252929536
1667751038319860992
1667751038386790400
1667751038453715712
1667751038520640000
1667751038587560448
1667751038654479616
1667751038721394688
1667751038788308736
1667751038855218176
1667751038922163968
1667751038989106176
1667751039056046848
1667751039122983680
1667751039189918976
1667751039256850944
1667751039323780864
1667751039390707200
1667751039457632000
1667751039524553472
1667751039591473152
1667751039658389248
1667751039725303552
1667751039792214272
1667751039859124224
1667751039926066944
1667751039993006848
1667751040059944960
1667751040126880512
1667751040193812736
1667751040260743168
1667751040327670016
1667751040394595072
1667751040461516288
1667751040528436224
1667751040595352320
1667751040662266880
1667751040729177856
1667751040796087040
1667751040863002112
1667751040929943552
1667751040996881408
1667751041063817472
1667751041130749696
1667751041197680384
1667751041264607488
1667751041331532800
1667751041398454272
1667751041465374208
1667751041532290560
1667751041599205120
1667751041666115840
1667751041733025024
1667751041799930624
1667751041866861056
1667751041933803520
1667751042000744192
1667751042067681280
1667751042134616576
1667751042201548032
1667751042268478208
1667751042335404544
1667751042402328320
1667751042469250560
1667751042536169984
1667751042603085568
1667751042669999872
1667751042736910080
1667751042803819008
1667751042870735872
1667751042937674752
1667751043004611840
1667751043071546368
1667751043138477056
1667751043205405184
1667751043272331520
1667751043339254272
1667751043406175232
