1667750354177525760
1667750354243274496
1667750354308808960
1667750354374130944
1667750354439238400
1667750354504134400
1667750354568815360
1667750354633284352
1667750354697539328
1667750354764474880
1667750354833494016
1667750354902508544
1667750354971516928
1667750355040520448
1667750355109517568
1667750355178510080
1667750355247496192
1667750355316477696
1667750355385452800
1667750355454423296
1667750355523387392
1667750355592346880
1667750355661299968
1667750355730273792
1667750355799407872
1667750355868543232
1667750355937677312
1667750356006811904
1667750356075945984
1667750356145080832
1667750356214214400
1667750356283348992
1667750356352482304
1667750356421616896
1667750356490750208
1667750356559884288
1667750356629017600
1667750356698151680
1667750356767329280
1667750356836527104
1667750356905725440
1667750356974925824
1667750357044126976
1667750357113330176
1667750357182533888
1667750357251739904
1667750357320946432
1667750357390155520
1667750357459364864
1667750357528576512
1667750357597788672
1667750357667002880
1667750357736236032
1667750357805535744
1667750357874839040
1667750357944148736
1667750358012363008
1667750358079484416
1667750358146609408
1667750358213739776
1667750358280873984
1667750358348013568
1667750358415157248
1667750358482306048
1667750358549458688
1667750358616616960
1667750358683778816
1667750358750887936
1667750358817933312
1667750358884980736
1667750358952028416
1667750359019077888
1667750359086127360
1667750359153179136
1667750359220231168
1667750359287285248
1667750359354339072
1667750359421395200
1667750359488451584
1667750359555509760
1667750359622568448
1667750359689628928
1667750359756808192
1667750359824095488
1667750359891392256
1667750359958700800
1667750360026018816
1667750360093348352
1667750360160687872
1667750360228038656
1667750360295398912
1667750360362770944
1667750360430152960
1667750360497546240
1667750360564948992
1667750360632363264
1667750360699787520
1667750360766948352
1667750360834012672
1667750360901078016
1667750360968142848
1667750361035208704
1667750361102274048
1667750361169340416
1667750361236406016
1667750361303472640
1667750361370538752
1667750361437605888
1667750361504672256
1667750361571739904
1667750361638806784
1667750361705874688
1667750361773009920
1667750361840183552
1667750361907360512
1667750361974542592
1667750362041727744
1667750362108918016
1667750362176111616
1667750362243310080
1667750362310511872
1667750362377719040
1667750362444929024
1667750362512144384
1667750362579362816
1667750362646586368
1667750362713800704
1667750362781106944
1667750362848420608
1667750362915744000
1667750362983074560
1667750363050414592
1667750363117762304
1667750363185119488
1667750363252483840
1667750363319857920
1667750363387239168
1667750363454630144
1667750363522028544
1667750363589436160
1667750363656851456
1667750363724296448
1667750363791388160
1667750363858480896
1667750363925573120
1667750363992665856
1667750364059757568
1667750364126850304
1667750364193942016
1667750364261035264
1667750364328126976
1667750364395219712
1667750364462311424
1667750364529404416
1667750364596496384
1667750364663589120
1667750364730680832
1667750364797770752
1667750364864859648
1667750364931949568
1667750364999038208
1667750365066127872
1667750365133216512
1667750365200306176
1667750365267395072
1667750365334484736
1667750365401573120
1667750365468662784
1667750365535751424
1667750365602840832
1667750365669929472
1667750365737019648
1667750365804112640
1667750365871206656
1667750365938299648
1667750365988620288
1667750366072486912
1667750366139580928
1667750366206674176
1667750366273768192
1667750366340861440
1667750366407955456
1667750366475048704
1667750366542142720
1667750366609235968
1667750366676330240
1667750366743423488
1667750366810517760
1667750366877611008
1667750366944705280
1667750367011798528
1667750367078893056
1667750367145986304
1667750367213080576
1667750367280173824
1667750367347268352
1667750367414361600
1667750367481456128
1667750367548549632
1667750367615643904
1667750367682737408
1667750367749831424
1667750367816924416
1667750367884018176
1667750367951110656
1667750368018204416
1667750368085297152
1667750368152390912
1667750368219483648
1667750368286577408
1667750368353670144
1667750368420763904
1667750368487856640
1667750368554950400
1667750368622043136
1667750368689136896
1667750368756229888
1667750368823324416
1667750368890418176
1667750368957512704
1667750369024606464
1667750369091700992
1667750369158794752
1667750369225889280
1667750369292983040
1667750369360077824
1667750369427171584
1667750369494266368
1667750369561360128
1667750369628454912
1667750369695548928
1667750369762642944
1667750369829734656
1667750369896827392
1667750369963919360
1667750370031012096
1667750370098104320
1667750370165197056
1667750370232289024
1667750370299381760
1667750370366473728
1667750370433566720
1667750370500658432
1667750370567751424
1667750370634843136
1667750370701936128
1667750370769027840
1667750370836120320
1667750370903212032
1667750370970304512
1667750371037395968
1667750371104488448
1667750371171580160
1667750371238672640
1667750371305764096
1667750371372856576
1667750371439948032
1667750371507040512
1667750371574131712
1667750371641224448
1667750371708315904
1667750371775408384
1667750371842500608
1667750371909593344
1667750371976685056
1667750372043778048
1667750372110869760
1667750372177962752
1667750372245054464
1667750372312147200
1667750372379238912
1667750372446331904
1667750372513423616
1667750372580516352
1667750372647608064
1667750372714700800
1667750372781794560
1667750372848889856
1667750372915984128
1667750372983079680
1667750373050173952
1667750373117269248
1667750373184363776
1667750373251459584
1667750373318553856
1667750373385649664
1667750373452744192
1667750373519839744
1667750373586934528
1667750373654030336
1667750373721125120
1667750373788219392
1667750373855312640
1667750373922406912
1667750373989500160
1667750374056594432
1667750374123687680
1667750374190782208
1667750374257875456
1667750374324969728
1667750374392063232
1667750374459157760
1667750374526251008
1667750374593345536
1667750374660439040
1667750374727533568
1667750374794625280
1667750374861717504
1667750374928808960
1667750374995901696
1667750375062992896
1667750375130085376
1667750375197176832
1667750375264269312
1667750375331360512
1667750375398452992
1667750375465544192
1667750375532636416
1667750375599727872
1667750375666820096
1667750375733911296
1667750375801005312
1667750375868098304
1667750375935192320
1667750376002285312
1667750376069379328
1667750376136472064
1667750376203566080
1667750376270659072
1667750376337753088
1667750376404846080
1667750376471940096
1667750376539033088
1667750376606127360
1667750376673220352
1667750376740314112
1667750376807405824
1667750376874498560
1667750376941590016
1667750377008682496
1667750377075774208
1667750377142866688
1667750377209958144
1667750377277050880
1667750377344142080
1667750377411234560
1667750377478326272
1667750377545418752
1667750377612509952
1667750377679602432
1667750377746694144
1667750377813787392
1667750377880879616
1667750377947973120
1667750378015065344
1667750378082158592
1667750378149251072
1667750378216344320
1667750378283436800
1667750378350530048
1667750378417622272
1667750378484715520
1667750378551807744
1667750378618901248
1667750378685993728
1667750378753086720
1667750378820178944
1667750378887271936
1667750378954363904
1667750379021457152
1667750379088549120
1667750379155642368
1667750379222734336
1667750379289827328
1667750379356919552
1667750379424012544
1667750379491104512
1667750379558197504
1667750379625289472
1667750379692382464
1667750379759473920
1667750379826564864
1667750379893655040
1667750379960745984
1667750380027836160
1667750380094927104
1667750380162017024
1667750380229107968
1667750380296197888
1667750380363288832
1667750380430378752
1667750380497469184
1667750380564559104
1667750380631649792
1667750380698739456
1667750380765831424
1667750380833513984
1667750380901386752
1667750380969267968
1667750381037160704
1667750381105061888
1667750381172974080
1667750381240895232
1667750381308827136
1667750381376768000
1667750381444719872
1667750381512680704
1667750381580652288
1667750381648632832
1667750381716624384
1667750381784774144
1667750381851790336
1667750381918804224
1667750381985817600
1667750382052828928
1667750382119839488
1667750382186848000
1667750382253856000
1667750382320861696
1667750382387866880
1667750382454870016
1667750382521872896
1667750382588872960
1667750382655873024
1667750382722870528
1667750382789867264
1667750382856882432
1667750382923897344
1667750382990909696
1667750383057921536
1667750383124931328
1667750383191940864
1667750383258948096
1667750383325954560
1667750383392958976
1667750383459963136
1667750383526964480
1667750383593966080
1667750383660965120
1667750383727963648
1667750383794960128
1667750383861976576
1667750383928990464
1667750383996004096
1667750384063015424
1667750384130026240
1667750384197035008
1667750384264043264
1667750384331048960
1667750384398054656
1667750384465057792
1667750384532060672
1667750384599061504
1667750384666061568
1667750384733059584
1667750384800060416
1667750384867077376
1667750384934094336
1667750385001108736
1667750385068122880
1667750385135134720
1667750385202146304
1667750385269155584
1667750385336164352
1667750385403170816
1667750385470177280
1667750385537181184
1667750385604184832
1667750385671186176
1667750385738187264
1667750385805191168
1667750385872208384
1667750385939223296
1667750386006237952
1667750386073250560
1667750386140262400
1667750386207271936
1667750386274281472
1667750386341288448
1667750386408294912
1667750386475299328
1667750386542303232
1667750386609304832
1667750386676306432
1667750386743305216
1667750386810309632
1667750386877327360
1667750386944345088
1667750387011360000
1667750387078374912
1667750387145387520
1667750387212399616
1667750387279409664
1667750387346419456
1667750387413426688
1667750387480433664
1667750387547438336
1667750387614442752
1667750387681444864
1667750387748446464
1667750387815454464
1667750387882470656
1667750387949484544
1667750388016497920
1667750388083509248
1667750388150520320
1667750388217528576
1667750388284536832
1667750388351542784
1667750388418547968
1667750388485551360
1667750388552554240
1667750388619554560
1667750388686554624
1667750388753552384
1667750388820609024
1667750388888180480
1667750388955977728
1667750389023782656
1667750389091597056
1667750389159419392
1667750389227250944
1667750389295090432
1667750389362939136
1667750389430795776
1667750389498661632
1667750389566535168
1667750389634418432
1667750389702309120
1667750389770209536
1667750389838117376
1667750389905272832
1667750389972211456
1667750390039148288
1667750390106081280
1667750390173012736
1667750390239940608
1667750390306866688
1667750390373789184
1667750390440710144
1667750390507627520
1667750390574542848
1667750390641454848
1667750390708365056
1667750390775271680
1667750390842171904
1667750390909114880
1667750390976056064
1667750391042993920
1667750391109929984
1667750391176862208
1667750391243793152
1667750391310720256
1667750391377645824
1667750391444567552
1667750391511488000
1667750391578404864
1667750391645319680
1667750391712231168
1667750391779140864
1667750391846046208
1667750391912990976
1667750391979932416
1667750392046872064
1667750392113808384
1667750392180742656
1667750392247673856
1667750392314603008
1667750392381528832
1667750392448452864
1667750392515373568
1667750392582292224
1667750392649207808
1667750392716121344
1667750392783031552
1667750392849944064
1667750392916887552
1667750392983829248
1667750393050767616
1667750393117704192
1667750393184636928
1667750393251568384
1667750393318496000
1667750393385422336
1667750393452344832
1667750393519265536
1667750393586182912
1667750393653098752
1667750393720010752
1667750393786921216
1667750393853835264
1667750393920781568
1667750393987724288
1667750394054665472
1667750394121603328
1667750394188539392
1667750394255471616
1667750394322402560
1667750394389329920
1667750394456255488
1667750394523177728
1667750394590098176
1667750394657015040
1667750394723930624
1667750394790842368
1667750394857761280
1667750394924702720
1667750394991642624
1667750395058578688
1667750395125513216
1667750395192443904
1667750395259373056
1667750395326298880
1667750395393222656
1667750395460142848
1667750395527061504
1667750395593976576
1667750395660889856
1667750395727799552
1667750395794707712
1667750395861626368
1667750395928568320
1667750395995506688
1667750396062443008
1667750396129376000
1667750396196307456
1667750396263234816
1667750396330160896
1667750396397082880
1667750396464003584
1667750396530920704
1667750396597836032
1667750396664747520
1667750396731657472
1667750396798563840
1667750396865659136
1667750396933031936
1667750397000414208
1667750397067804160
1667750397135203840
1667750397202611200
1667750397270027776
1667750397337452032
1667750397404886016
1667750397472327424
1667750397539778560
1667750397607237376
1667750397674705664
1667750397742181376
1667750397809667072
1667750397876909824
1667750397943928832
1667750398010945792
1667750398077962240
1667750398144976384
1667750398211990272
1667750398279001600
1667750398346012928
1667750398413021952
1667750398480030464
1667750398547036928
1667750398614042880
1667750398681046528
1667750398748050176
1667750398815051264
1667750398882065408
1667750398949081600
1667750399016097536
1667750399083110912
1667750399150124032
1667750399217134848
1667750399284145152
1667750399351153664
1667750399418161152
1667750399485166848
1667750399552171776
1667750399619174656
1667750399686177024
1667750399753177344
1667750399820176896
1667750399887198976
1667750399954216192
1667750400021230592
1667750400088244992
1667750400155257344
1667750400222268928
1667750400289278464
1667750400356287488
1667750400423294208
1667750400490300672
1667750400557304576
1667750400624308224
1667750400691309824
1667750400758310912
1667750400825309696
1667750400892368128
1667750400960157696
1667750401027956736
1667750401095763456
1667750401163579648
1667750401231403264
1667750401299236864
1667750401367077632
1667750401434927872
1667750401502785792
1667750401570653440
1667750401638528512
1667750401706413312
1667750401774305792
1667750401842207488
1667750401909874688
1667750401976822528
1667750402043766272
1667750402110708736
1667750402177647616
1667750402244584704
1667750402311518464
1667750402378450432
1667750402445378816
1667750402512305920
1667750402579228928
1667750402646150656
1667750402713068800
1667750402779985408
1667750402846898176
1667750402913840896
1667750402980782592
1667750403047722496
1667750403114658816
1667750403181593600
1667750403248524288
1667750403315453952
1667750403382379520
1667750403449303808
1667750403516224256
1667750403583143168
1667750403650058240
1667750403716972032
1667750403783881728
1667750403850790400
1667750403917707776
1667750403984648704
1667750404051586048
1667750404118521856
1667750404185453568
1667750404252384000
1667750404319310592
1667750404386235648
1667750404453156864
1667750404520076544
1667750404586992384
1667750404653906432
1667750404720817152
1667750404787726080
1667750404854631424
1667750404921725696
1667750404989098752
1667750405056481536
1667750405123871744
1667750405191271680
1667750405258679296
1667750405326096384
1667750405393521152
1667750405460955648
1667750405528397568
1667750405595849216
1667750405663308032
1667750405730776832
1667750405798253056
1667750405865739008
1667750405932994816
1667750406000011776
1667750406067025920
1667750406134040064
1667750406201051392
1667750406268062976
1667750406335071744
1667750406402080512
1667750406469086976
1667750406536092672
1667750406603096320
1667750406670099712
1667750406737100544
1667750406804101120
1667750406871099392
1667750406938110208
1667750407005126400
1667750407072142336
1667750407139155968
1667750407206169344
1667750407273180416
1667750407340191232
1667750407407199488
1667750407474207488
1667750407541213440
1667750407608218624
1667750407675221760
1667750407742224640
1667750407809225216
1667750407876225024
1667750407943237632
1667750408010256128
1667750408077272832
1667750408144288768
1667750408211302400
1667750408278316288
1667750408345327104
1667750408412338176
1667750408479346688
1667750408546354944
1667750408613361152
1667750408680366592
1667750408747370240
1667750408814373376
1667750408881373952
1667750408948389888
1667750409015406592
1667750409082422784
1667750409149436928
1667750409216450816
1667750409283462400
1667750409350473728
1667750409417482496
1667750409484491008
1667750409551497216
1667750409618503168
1667750409685506816
1667750409752510208
1667750409819511296
1667750409886509568
1667750409953527552
1667750410020545280
1667750410087560448
1667750410154575616
1667750410221588480
1667750410288600832
1667750410355611136
1667750410422620928
1667750410489628416
1667750410556635648
1667750410623640576
1667750410690645248
1667750410757647616
1667750410824649728
1667750410891649536
1667750410958873856
1667750411026661888
1667750411094459648
1667750411162265088
1667750411230080000
1667750411297902336
1667750411365734144
1667750411433573376
1667750411501422592
1667750411569278976
1667750411637145088
1667750411705018368
1667750411772901376
1667750411840791808
1667750411908691968
1667750411976120320
1667750412043070720
1667750412110017792
1667750412176963072
1667750412243905024
1667750412310845440
1667750412377782272
1667750412444717568
1667750412511649280
1667750412578579712
1667750412645506048
1667750412712431104
1667750412779352832
1667750412846273024
1667750412913189376
1667750412980136960
1667750413047077120
1667750413114015744
1667750413180950784
1667750413247883776
1667750413314813440
1667750413381741568
1667750413448665856
1667750413515588352
1667750413582507264
1667750413649424896
1667750413716338688
1667750413783250688
1667750413850159104
1667750413917065984
1667750413984014336
1667750414050955776
1667750414117893632
1667750414184829952
1667750414251762176
1667750414318693120
1667750414385620480
1667750414452545792
1667750414519467776
1667750414586388224
1667750414653304576
1667750414720219648
1667750414787131136
1667750414854040832
1667750414920946688
1667750414987873536
1667750415054815232
1667750415121755392
1667750415188691968
1667750415255626752
1667750415322557952
1667750415389487360
1667750415456413440
1667750415523337728
1667750415590258432
1667750415657177600
1667750415724092928
1667750415791006720
1667750415857916928
1667750415924825600
1667750415991756032
1667750416058698752
1667750416125637632
1667750416192575232
1667750416259508736
1667750416326440960
1667750416393369344
1667750416460296448
1667750416527219456
1667750416594141184
1667750416661059072
1667750416727975424
1667750416794888192
1667750416861799424
1667750416928706816
1667750416995956992
1667750417063335424
1667750417130723584
1667750417198119424
1667750417265524992
1667750417332937728
1667750417400360704
1667750417467790848
1667750417535230720
1667750417602678528
1667750417670135808
1667750417737600512
1667750417805075200
1667750417872557312
1667750417940049152
1667750418007264512
1667750418075056640
1667750418142856448
1667750418210665984
1667750418278482944
1667750418346309376
1667750418414143232
1667750418481987072
1667750418549838080
1667750418617699072
1667750418685567488
1667750418753445376
1667750418821330688
1667750418889225728
1667750418957128448
1667750419024868352
1667750419091810304
1667750419158750720
1667750419225687296
1667750419292622336
1667750419359554048
1667750419426483712
1667750419493409792
1667750419560334592
1667750419627255296
1667750419694174464
1667750419761090304
1667750419828004096
1667750419894914560
1667750419961823488
1667750420028741632
1667750420095683840
1667750420162622208
1667750420229559040
1667750420296492544
1667750420363423744
1667750420430351872
1667750420497277952
1667750420564200448
1667750420631121664
1667750420698038784
1667750420764954368
1667750420831866368
1667750420898776832
1667750420965683712
1667750421032603136
1667750421099543808
1667750421166482688
1667750421233417984
1667750421300351744
1667750421367281664
1667750421434210304
1667750421501135104
1667750421568058112
1667750421634977536
1667750421701895424
1667750421768809472
1667750421835722240
1667750421902631168
1667750421969538304
1667750422036460288
1667750422103403008
1667750422170342144
1667750422237279488
1667750422304213504
1667750422371145728
1667750422438074368
1667750422505001472
1667750422571924736
1667750422638846720
1667750422705764608
1667750422772681216
1667750422839594240
1667750422906505472
1667750422973413120
1667750423040419584
1667750423107985920
1667750423175705600
1667750423243431680
1667750423311165696
1667750423378906368
1667750423446654720
1667750423514409472
1667750423582172672
1667750423649941760
1667750423717719040
1667750423785502720
1667750423853294336
1667750423921092608
1667750423988898560
1667750424056838144
1667750424123707392
1667750424190571264
1667750424257432320
1667750424324288512
1667750424391141888
1667750424457990144
1667750424524835584
1667750424591676160
1667750424658513920
1667750424725346560
1667750424792176384
1667750424859001088
1667750424925822976
1667750424992640000
1667750425059453696
1667750425126321664
1667750425193187072
1667750425260047360
1667750425326904576
1667750425393757184
1667750425460606464
1667750425527451136
1667750425594292736
1667750425661129472
1667750425727963136
1667750425794791936
1667750425861617920
1667750425928439040
1667750425995256832
1667750426062083584
1667750426128947200
1667750426195805952
1667750426262661888
1667750426329512448
1667750426396360448
1667750426463202816
1667750426530042624
1667750426596877568
1667750426663708928
1667750426730535680
